596
831
585
694
550
642
689
596
403
493
531
719
963
998
924
711
829
548
787
835
732
843
796
959
801
829
953
877
827
802
834
601
734
682
710
663
728
751
733
750
677
722
754
739
768
770
644
638
748
707
724
131
675
868
207
181
727
769
543
712
531
764
100
629
718
583
665
675
725
747
794
778
782
814
583
634
694
719
766
784
758
791
666
998
687
675
751
694
974
927
958
805
285
913
558
564
716
761
492
607
745
786
360
432
585
797
539
466
821
824
531
530
366
800
541
623
806
722
852
809
871
610
693
544
867
509
544
396
545
854
264
798
691
836
749
464
551
786
755
762
548
900
762
566
650
666
669
813
900
873
717
844
814
723
682
800
748
780
911
564
590
612
691
750
773
637
810
823
865
863
889
733
747
828
924
952
878
784
535
857
884
717
784
947
789
976
891
956
979
998
816
857
934
867
814
915
771
749
662
731
860
748
834
834
544
800
100
421
560
497
462
130
126
800
565
516
476
477
302
607
559
585
518
718
624
607
369
593
660
702
685
786
863
900
754
671
389
808
581
756
498
499
546
900
757
836
525
636
514
900
451
643
808
815
756
604
124
466
820
539
648
100
347
825
845
826
843
839
813
829
852
863
835
840
808
848
826
791
720
900
821
521
226
550
634
964
911
525
501
517
861
499
368
553
600
574
699
727
534
691
691
725
521
703
630
634
621
731
783
820
951
904
863
862
896
864
952
799
811
524
854
998
700
790
800
630
819
631
715
798
721
742
354
645
735
384
869
880
630
525
674
786
777
705
688
448
828
671
728
779
786
848
756
778
431
680
749
456
744
463
763
623
895
980
846
965
971
983
966
845
802
839
847
872
889
884
735
881
763
597
797
814
851
838
874
562
625
818
817
936
998
881
767
910
366
534
274
722
638
100
810
741
777
555
716
818
839
443
794
711
994
754
679
800
657
702
900
696
961
589
587
549
620
445
645
687
624
558
824
868
864
859
856
899
887
913
817
866
823
928
934
910
755
778
768
837
797
927
702
800
579
498
714
707
829
998
681
768
751
606
639
740
804
256
103
672
368
491
291
800
800
811
444
716
694
281
800
598
537
628
719
632
632
543
540
610
632
659
664
649
800
549
488
100
100
800
100
910
919
603
998
445
688
718
650
800
482
607
814
810
846
658
594
577
859
230
591
537
617
609
632
493
626
635
657
543
518
486
736
829
877
403
691
929
998
896
900
959
100
100
655
462
616
755
550
547
477
516
593
501
418
485
900
484
856
849
694
742
241
651
514
785
804
601
819
840
753
860
888
778
858
864
860
900
825
830
813
756
666
808
427
920
651
701
764
845
744
819
767
637
695
767
807
900
928
983
467
100
100
521
435
592
686
595
511
670
657
678
963
776
776
821
855
869
694
637
986
414
737
273
581
640
652
669
649
514
689
668
675
849
693
487
531
315
544
590
557
269
731
579
457
404
632
502
246
480
558
646
800
518
562
861
825
779
961
584
635
696
851
371
100
900
349
533
428
429
645
663
668
618
510
100
663
293
100
548
511
662
886
198
207
722
883
927