2001
2017
2002
2017
1973
2015
2021
2022
1973
1971
1970
2554
2018
2018
2013
2016
2012
1964
2017
2019
2021
2010
2013
2019
2019
2016
2017
2018
1986
2013
2016
1995
2020
2011
2006
2001
2013
2018
2011
2018
2003
2009
2015
2013
2021
2021
2015
1983
2018
2010
2015
1958
1939
2014
1931
1930
2016
2017
1991
2011
1973
2015
1957
1981
2016
1991
1997
2005
2008
2002
2010
2021
2014
2016
1988
1995
2003
2009
2012
2018
2013
2020
2011
2011
2015
2002
2019
2008
2019
2018
2019
1992
1926
2011
1970
1987
2016
2016
2013
2018
2019
2013
1955
1957
1969
2015
1970
1979
2017
2018
1970
2017
1953
1953
1960
1967
2020
2002
2015
2009
2019
1970
1995
1970
2018
1996
1964
1988
1969
2022
1970
2018
2018
2019
2013
1982
1970
2018
2015
1969
1969
1969
2015
1970
1968
2018
2008
2013
2013
2016
1999
2008
2013
2012
2018
2018
2022
1967
2017
1957
1962
1962
1957
1984
2003
1968
2007
2009
2013
2015
2019
1992
2002
2010
2010
2012
2017
2014
1969
2002
2015
1994
1987
1989
1995
1996
2020
2005
2014
2018
2017
2017
2013
2019
2018
2020
1966
2001
1977
2014
2017
2017
2018
2018
2019
2019
1959
1975
2021
1973
2010
1940
1932
1932
1992
1986
1973
1977
1965
2022
2017
2003
2011
2015
1972
2014
1981
2003
2009
2017
2014
2005
2017
2017
1964
1970
1966
2017
1969
2018
1968
1965
1971
2021
2018
2020
1986
1967
1999
1999
2019
2014
1985
2016
2013
1987
1946
2020
1994
1993
2000
1965
2011
2015
1995
2006
2018
2020
1989
2009
2007
2020
2017
2019
2016
2013
1997
1975
2014
2010
2018
1970
1983
1985
2019
2021
2012
1973
1974
1977
2016
1984
1974
1997
2004
2007
2016
2018
1991
1992
2005
2005
1994
2015
2003
2009
1955
1972
1994
1978
1965
1986
2016
1991
1965
2016
1965
1992
1991
1973
2018
2012
2013
2011
2000
1949
2005
1957
2012
1969
2014
2014
2006
2019
2015
1970
2018
2010
1956
1961
2017
2016
2015
2018
1964
1959
1991
2015
2015
1966
1993
1993
2012
2015
1976
2014
2018
2020
2016
2012
2020
2019
2011
2017
2002
2008
2020
2015
2016
2018
2013
2012
2012
2016
2018
2016
1988
1999
1997
1973
2012
2011
2020
2014
2018
1986
1967
2010
2008
2011
2011
2020
2019
2013
1997
2020
1973
2015
2018
1997
2010
2015
2020
1997
2014
1969
2016
1971
1997
1999
2020
2012
2021
2020
1939
2010
2010
2017
2008
1992
2005
2013
2016
1994
1997
2002
2011
1990
2015
2018
2021
2015
2014
2018
2019
2021
1993
1997
2020
2013
2018
2019
2016
2018
2018
2017
2015
2021
2015
2015
1990
1954
1955
2013
1998
1998
1987
2012
2013
2014
2013
2012
2011
1929
2014
1939
2018
1970
1971
1971
2021
1986
2015
2021
2005
1965
1965
2009
2018
2012
2021
2014
2018
1995
1992
1997
2006
1999
2004
2008
2008
1998
2014
1965
1958
1958
1953
2006
2010
1933
2016
1993
2010
2019
2003
2003
1969
1994
2017
2012
2020
1995
1990
2004
1998
1985
2018
1992
1994
1998
2000
1971
1993
1997
2002
1987
1973
2016
2023
2006
2010
1966
1984
2016
2016
2009
2009
2010
1962
1965
2011
1991
1984
2007
1968
1971
1958
2021
2021
2015
1977
1987
1987
1965
1970
1971
1989
1986
1959
1960
1955
2018
1995
1973
2019
1997
1995
2012
2018
2004
2021
2016
2019
2019
2012
1990
2019
2010
1982
2014
1970
2014
1989
1993
1987
2003
2018
2016
2015
2018
2019
2017
2020
2020
2015
2019
2017
1972
1968
1980
1967
2010
2016
2013
1993
2018
2010
2008
2019
2016
2021
2018
2004
1993
1965
1965
2020
2021
2021
1980
2013
1998
2004
2005
2008
1990
2019
2011
2015
2018
1993
1969
2019
1974
1992
1994
2003
1979
2020
2013
2007
2016
1995
1989
1965
1985
1992
1998
1998
2019
2020
1998
2018
2005
2015
2016
1990
2005
2017
1970
1963
1963
1969
1995
1983
1992
2010
2014
2019
2003
1998
1982
2011
1981
1963
1983
1997
2015
2017
1945
2013
2020
2016
2019
